0
01e-08
10.3
20.5
30.7
40.9
50.2
60.4
70.6
80.8
90
100.25
110.5
120.75
131
140.35
150.75
160.2
170.6
180.875
190.321
1
00.04998
10.31998
20.49998
30.67998
40.85998
50.22998
60.40998
70.58998
80.76998
90.04998
100.27498
110.49998
120.72498
130.94998
140.36498
150.72498
160.22998
170.58998
180.83748
190.33888
2
00.094962
10.337962
20.499962
30.661962
40.823962
50.256962
60.418962
70.580962
80.742962
90.094962
100.297462
110.499962
120.702462
130.904962
140.378462
150.702462
160.256962
170.580962
180.803712
190.354972
3
00.135446
10.354146
20.499946
30.645746
40.791546
50.281246
60.427046
70.572846
80.718646
90.135446
100.317696
110.499946
120.682196
130.864446
140.390596
150.682196
160.281246
170.572846
180.773321
190.369455
4
00.171881
10.368711
20.499931
30.631151
40.762371
50.303101
60.434321
70.565541
80.696761
90.171881
100.335906
110.499931
120.663956
130.827981
140.401516
150.663956
160.303101
170.565541
180.745969
190.382489
5
00.204673
10.38182
20.499918
30.618016
40.736114
50.322771
60.440869
70.558967
80.677065
90.204673
100.352296
110.499918
120.647541
130.795163
140.411345
150.647541
160.322771
170.558967
180.721352
190.39422
6
00.234186
10.393618
20.499906
30.606194
40.712483
50.340474
60.446762
70.55305
80.659339
90.234186
100.367046
110.499906
120.632767
130.765627
140.42019
150.632767
160.340474
170.55305
180.699197
190.404778
7
00.260747
10.404236
20.499896
30.595555
40.691214
50.356407
60.452066
70.547725
80.643385
90.260747
100.380321
110.499896
120.61947
130.739044
140.428151
150.61947
160.356407
170.547725
180.679257
190.414281
8
00.284652
10.413793
20.499886
30.58598
40.672073
50.370746
60.456839
70.542933
80.629026
90.284652
100.392269
110.499886
120.607503
130.71512
140.435316
150.607503
160.370746
170.542933
180.661311
190.422832
9
00.306167
10.422393
20.499877
30.577362
40.654846
50.383651
60.461135
70.53862
80.616104
90.306167
100.403022
110.499877
120.596733
130.693588
140.441764
150.596733
160.383651
170.53862
180.64516
190.430529
10
00.325531
10.430134
20.49987
30.569605
40.639341
50.395266
60.465002
70.534738
80.604473
90.325531
100.4127
110.49987
120.587039
130.674209
140.447568
150.587039
160.395266
170.534738
180.630624
190.437456
11
00.342957
10.437101
20.499863
30.562625
40.625387
50.40572
60.468482
70.531244
80.594006
90.342957
100.42141
110.499863
120.578315
130.656768
140.452791
150.578315
160.40572
170.531244
180.617542
190.443691
12
00.358642
10.443371
20.499856
30.556342
40.612828
50.415128
60.471614
70.528099
80.584585
90.358642
100.429249
110.499856
120.570464
130.641071
140.457492
150.570464
160.415128
170.528099
180.605768
190.449302
13
00.372758
10.449014
20.499851
30.550688
40.601525
50.423595
60.474432
70.525269
80.576107
90.372758
100.436304
110.499851
120.563397
130.626944
140.461723
150.563397
160.423595
170.525269
180.595171
190.454351
14
00.385462
10.454092
20.499846
30.545599
40.591353
50.431215
60.476969
70.522723
80.568476
90.385462
100.442654
110.499846
120.557038
130.61423
140.465531
150.557038
160.431215
170.522723
180.585634
190.458896
15
00.396896
10.458663
20.499841
30.541019
40.582198
50.438074
60.479252
70.52043
80.561609
90.396896
100.448368
110.499841
120.551314
130.602787
140.468958
150.551314
160.438074
170.52043
180.57705
190.462987
16
00.407186
10.462777
20.499837
30.536897
40.573958
50.444246
60.481307
70.518367
80.555428
90.407186
100.453512
110.499837
120.546163
130.592488
140.472042
150.546163
160.444246
170.518367
180.569325
190.466668
17
00.416447
10.466479
20.499833
30.533188
40.566542
50.449802
60.483156
70.516511
80.549865
90.416447
100.45814
110.499833
120.541526
130.583219
140.474818
150.541526
160.449802
170.516511
180.562373
190.469981
18
00.424783
10.469811
20.49983
30.529849
40.559868
50.454802
60.484821
70.514839
80.544858
90.424783
100.462306
110.49983
120.537354
130.574877
140.477316
150.537354
160.454802
170.514839
180.556116
190.472963
19
00.432284
10.47281
20.499827
30.526844
40.553861
50.459301
60.486319
70.513336
80.540353
90.432284
100.466056
110.499827
120.533598
130.56737
140.479564
150.533598
160.459301
170.513336
180.550484
190.475647
20
00.439036
10.475509
20.499824
30.52414
40.548455
50.463351
60.487667
70.511982
80.536297
90.439036
100.46943
110.499824
120.530218
130.560613
140.481588
150.530218
160.463351
170.511982
180.545416
190.478062
21
00.445112
10.477938
20.499822
30.521706
40.543589
50.466996
60.48888
70.510764
80.532648
90.445112
100.472467
110.499822
120.527177
130.554531
140.483409
150.527177
160.466996
170.510764
180.540854
190.480236
22
00.450581
10.480124
20.49982
30.519515
40.539211
50.470277
60.489972
70.509667
80.529363
90.450581
100.4752
110.49982
120.524439
130.549058
140.485048
150.524439
160.470277
170.509667
180.536749
190.482192
23
00.455503
10.482092
20.499818
30.517544
40.535269
50.473229
60.490955
70.508681
80.526407
90.455503
100.47766
110.499818
120.521975
130.544132
140.486523
150.521975
160.473229
170.508681
180.533054
190.483953
24
00.459933
10.483863
20.499816
30.515769
40.531723
50.475886
60.491839
70.507793
80.523746
90.459933
100.479874
110.499816
120.519758
130.539699
140.487851
150.519758
160.475886
170.507793
180.529728
190.485538
25
00.463919
10.485456
20.499814
30.514172
40.52853
50.478277
60.492635
70.506993
80.521351
90.463919
100.481867
110.499814
120.517762
130.535709
140.489046
150.517762
160.478277
170.506993
180.526736
190.486964
26
00.467508
10.486891
20.499813
30.512735
40.525657
50.48043
60.493352
70.506274
80.519196
90.467508
100.48366
110.499813
120.515966
130.532118
140.490121
150.515966
160.48043
170.506274
180.524042
190.488248
27
00.470737
10.488182
20.499812
30.511442
40.523072
50.482367
60.493997
70.505627
80.517257
90.470737
100.485274
110.499812
120.514349
130.528886
140.491089
150.514349
160.482367
170.505627
180.521618
190.489403
28
00.473643
10.489344
20.49981
30.510277
40.520744
50.48411
60.494577
70.505044
80.515511
90.473643
100.486727
110.49981
120.512894
130.525978
140.49196
150.512894
160.48411
170.505044
180.519436
190.490443
29
00.476259
10.490389
20.499809
30.50923
40.51865
50.485679
60.495099
70.50452
80.51394
90.476259
100.488034
110.499809
120.511585
130.52336
140.492744
150.511585
160.485679
170.50452
180.517472
190.491378
30
00.478613
10.49133
20.499808
30.508287
40.516765
50.487091
60.495569
70.504048
80.512526
90.478613
100.489211
110.499808
120.510406
130.521004
140.49345
150.510406
160.487091
170.504048
180.515705
190.49222
31
00.480732
10.492177
20.499808
30.507438
40.515068
50.488362
60.495992
70.503623
80.511253
90.480732
100.49027
110.499808
120.509346
130.518884
140.494085
150.509346
160.488362
170.503623
180.514115
190.492978
32
00.482638
10.49294
20.499807
30.506674
40.513542
50.489506
60.496373
70.503241
80.510108
90.482638
100.491223
110.499807
120.508391
130.516975
140.494656
150.508391
160.489506
170.503241
180.512683
190.493661
33
00.484355
10.493626
20.499806
30.505987
40.512167
50.490535
60.496716
70.502896
80.509077
90.484355
100.49208
110.499806
120.507532
130.515258
140.495171
150.507532
160.490535
170.502896
180.511395
190.494275
34
00.485899
10.494243
20.499806
30.505368
40.510931
50.491462
60.497024
70.502587
80.508149
90.485899
100.492852
110.499806
120.506759
130.513712
140.495634
150.506759
160.491462
170.502587
180.510235
190.494827
35
00.487289
10.494799
20.499805
30.504811
40.509818
50.492296
60.497302
70.502308
80.507314
90.487289
100.493547
110.499805
120.506063
130.512321
140.49605
150.506063
160.492296
170.502308
180.509192
190.495324
36
00.48854
10.495299
20.499805
30.50431
40.508816
50.493046
60.497552
70.502057
80.506563
90.48854
100.494172
110.499805
120.505437
130.511069
140.496425
150.505437
160.493046
170.502057
180.508253
190.495772
37
00.489666
10.495749
20.499804
30.503859
40.507914
50.493721
60.497776
70.501832
80.505887
90.489666
100.494735
110.499804
120.504873
130.509942
140.496763
150.504873
160.493721
170.501832
180.507407
190.496175
38
00.49068
10.496154
20.499804
30.503453
40.507103
50.494329
60.497979
70.501628
80.505278
90.49068
100.495242
110.499804
120.504366
130.508928
140.497066
150.504366
160.494329
170.501628
180.506647
190.496537
39
00.491592
10.496519
20.499803
30.503088
40.506373
50.494876
60.498161
70.501446
80.50473
90.491592
100.495697
110.499803
120.503909
130.508015
140.49734
150.503909
160.494876
170.501446
180.505962
190.496864
40
00.492413
10.496847
20.499803
30.502759
40.505715
50.495369
60.498325
70.501281
80.504237
90.492413
100.496108
110.499803
120.503498
130.507193
140.497586
150.503498
160.495369
170.501281
180.505346
190.497157
41
00.493151
10.497142
20.499803
30.502463
40.505124
50.495812
60.498472
70.501133
80.503793
90.493151
100.496477
110.499803
120.503128
130.506454
140.497807
150.503128
160.495812
170.501133
180.504791
190.497421
42
00.493816
10.497408
20.499802
30.502197
40.504591
50.496211
60.498605
70.501
80.503394
90.493816
100.496809
110.499802
120.502796
130.505789
140.498007
150.502796
160.496211
170.501
180.504292
190.497659
43
00.494415
10.497647
20.499802
30.501957
40.504112
50.49657
60.498725
70.50088
80.503035
90.494415
100.497108
110.499802
120.502496
130.50519
140.498186
150.502496
160.49657
170.50088
180.503843
190.497873
44
00.494953
10.497862
20.499802
30.501741
40.503681
50.496893
60.498832
70.500772
80.502711
90.494953
100.497378
110.499802
120.502226
130.504651
140.498347
150.502226
160.496893
170.500772
180.503439
190.498066
45
00.495438
10.498056
20.499802
30.501547
40.503293
50.497183
60.498929
70.500675
80.50242
90.495438
100.49762
110.499802
120.501984
130.504166
140.498493
150.501984
160.497183
170.500675
180.503075
190.498239
46
00.495874
10.498231
20.499802
30.501373
40.502944
50.497445
60.499016
70.500587
80.502158
90.495874
100.497838
110.499802
120.501765
130.503729
140.498623
150.501765
160.497445
170.500587
180.502747
190.498395
47
00.496267
10.498387
20.499801
30.501215
40.502629
50.497681
60.499094
70.500508
80.501922
90.496267
100.498034
110.499801
120.501569
130.503336
140.498741
150.501569
160.497681
170.500508
180.502453
190.498536
48
00.49662
10.498529
20.499801
30.501074
40.502346
50.497892
60.499165
70.500438
80.50171
90.49662
100.498211
110.499801
120.501392
130.502983
140.498847
150.501392
160.497892
170.500438
180.502187
190.498662
49
00.496938
10.498656
20.499801
30.500946
40.502092
50.498083
60.499229
70.500374
80.501519
90.496938
100.49837
110.499801
120.501233
130.502664
140.498942
150.501233
160.498083
170.500374
180.501949
190.498776
